[(0, 10, 5), (1, 9, 10), (2, 6, 5), (1, 7, 9), (2, 10, 10), (1, 0, 7)]
[(5, 7, 3), (8, 7, 4), (0, 4, 9), (3, 6, 4)]
[(13, 2, 4), (9, 3, 15), (3, 3, 18), (6, 4, 2), (13, 0, 6)]
[(9, 1, 13), (3, 0, 0), (6, 1, 2), (2, 0, 12)]
[(1, 8, 0), (2, 8, 8), (1, 11, 0), (0, 11, 5), (0, 2, 11), (2, 1, 10)]
[(1, 0, 12), (2, 3, 20), (4, 0, 15)]
[(13, 9, 1), (2, 8, 6), (0, 4, 5), (7, 3, 7), (19, 1, 5)]
[(11, 14, 4), (16, 5, 2), (11, 2, 18), (15, 0, 2), (0, 13, 8)]
[(11, 7, 5), (10, 7, 4), (1, 0, 0), (9, 6, 2), (10, 8, 6), (5, 5, 7)]
[(1, 2, 4), (2, 5, 1), (1, 3, 8), (2, 6, 2), (1, 4, 2)]
[(3, 0, 4), (2, 7, 8), (1, 6, 7), (0, 4, 13)]
[(2, 4, 3), (9, 8, 2), (10, 0, 1), (7, 1, 3), (7, 9, 2)]
[(12, 6, 2), (2, 15, 4), (1, 7, 3)]
[(4, 9, 0), (1, 7, 6), (0, 5, 3)]
[(7, 3, 2), (0, 4, 3), (9, 4, 4)]
[(4, 11, 12), (9, 10, 8), (13, 9, 11), (10, 6, 5), (2, 0, 0), (5, 5, 2)]
[(3, 2, 2), (3, 1, 1), (0, 10, 0)]
[(4, 3, 1), (12, 5, 0), (3, 3, 3), (13, 0, 2)]
[(6, 8, 13), (10, 0, 12), (13, 8, 9), (3, 13, 5), (2, 5, 1)]
[(19, 4, 13), (1, 4, 8), (14, 7, 6), (11, 8, 13)]
[(13, 3, 7), (1, 1, 1), (15, 5, 3), (15, 2, 3), (9, 6, 14)]
[(2, 6, 4), (2, 6, 0), (4, 3, 1), (1, 11, 7), (4, 8, 3)]
[(0, 0, 14), (2, 3, 3), (1, 0, 5)]
[(12, 0, 0), (16, 0, 5), (16, 1, 2), (11, 1, 0), (8, 1, 2)]
[(4, 1, 11), (7, 0, 9), (0, 10, 6)]
[(13, 3, 0), (13, 5, 7), (11, 8, 5), (6, 18, 7)]
[(6, 6, 5), (11, 4, 2), (15, 6, 0), (12, 4, 2), (5, 0, 3)]
[(6, 1, 16), (7, 4, 10), (1, 4, 0)]
[(4, 0, 5), (3, 4, 6), (4, 2, 5), (4, 1, 7), (4, 3, 2)]
[(0, 2, 0), (2, 14, 1), (5, 14, 0)]
[(6, 7, 9), (20, 1, 15), (17, 7, 6), (6, 3, 2), (1, 2, 3), (18, 5, 6)]
[(8, 7, 9), (8, 13, 19), (2, 3, 9), (6, 9, 6)]
[(12, 0, 6), (15, 3, 13), (5, 4, 10), (6, 0, 11)]
[(6, 5, 16), (4, 10, 1), (2, 6, 7), (4, 12, 4)]
[(0, 11, 3), (1, 10, 6), (0, 11, 3), (1, 0, 2), (1, 11, 3), (0, 2, 3)]
[(6, 10, 4), (5, 3, 3), (6, 10, 5)]
[(8, 5, 7), (14, 5, 8), (8, 0, 2)]
[(1, 4, 4), (0, 8, 11), (7, 0, 5)]
[(4, 4, 2), (8, 8, 1), (3, 0, 0)]
[(3, 4, 14), (3, 13, 4), (2, 12, 2), (1, 8, 11), (1, 4, 1)]
[(4, 1, 2), (4, 0, 0), (4, 0, 0)]
[(12, 1, 8), (6, 8, 5), (3, 12, 13), (1, 2, 8), (5, 3, 6)]
[(0, 12, 3), (7, 13, 5), (4, 10, 4)]
[(2, 6, 4), (6, 10, 0), (15, 13, 5), (6, 3, 1), (9, 5, 3), (5, 6, 4)]
[(0, 14, 10), (2, 2, 12), (1, 7, 0), (1, 6, 8)]
[(8, 10, 15), (3, 9, 17), (10, 5, 2), (9, 3, 11), (5, 1, 11), (5, 7, 16)]
[(1, 1, 10), (3, 7, 8), (8, 0, 9), (8, 2, 1)]
[(0, 2, 5), (2, 7, 2), (1, 3, 1)]
[(6, 2, 5), (0, 6, 0), (17, 5, 4)]
[(0, 10, 5), (4, 9, 6), (7, 0, 4), (7, 14, 3), (9, 10, 5), (9, 13, 1)]
[(0, 15, 1), (0, 6, 2), (1, 12, 5)]
[(3, 15, 0), (1, 14, 7), (1, 8, 12), (1, 9, 7)]
[(4, 2, 0), (1, 0, 1), (0, 1, 3), (2, 2, 2)]
[(13, 7, 7), (1, 2, 0), (11, 10, 5), (10, 8, 5), (12, 8, 12)]
[(18, 3, 5), (7, 5, 3), (4, 3, 3)]
[(14, 17, 2), (13, 5, 1), (11, 20, 0)]
[(3, 6, 2), (3, 2, 0), (5, 2, 0), (2, 1, 1)]
[(9, 5, 7), (10, 5, 9), (3, 8, 2), (9, 0, 8), (7, 7, 3), (7, 2, 1)]
[(0, 4, 3), (10, 4, 4), (14, 2, 12), (13, 1, 1), (10, 3, 3), (0, 2, 0)]
[(9, 0, 13), (5, 2, 9), (0, 3, 10)]
[(2, 8, 4), (2, 3, 0), (10, 9, 12), (3, 11, 17), (1, 7, 14)]
[(5, 1, 13), (8, 1, 5), (3, 2, 8), (8, 1, 0)]
[(15, 8, 2), (3, 12, 4), (17, 4, 1), (18, 9, 4)]
[(17, 17, 7), (3, 4, 3), (4, 19, 1), (14, 0, 11), (7, 19, 4), (1, 10, 11)]
[(17, 5, 1), (17, 2, 3), (0, 9, 10)]
[(6, 0, 5), (8, 1, 2), (0, 2, 3), (10, 0, 8), (2, 1, 5), (1, 0, 3)]
[(12, 12, 16), (15, 3, 1), (10, 3, 10), (6, 6, 2), (9, 7, 8)]
[(10, 0, 7), (9, 0, 12), (9, 2, 12)]
[(3, 3, 14), (7, 7, 2), (8, 4, 8), (14, 3, 6)]
[(2, 6, 7), (2, 4, 4), (2, 3, 5), (0, 6, 2), (2, 2, 5)]
[(3, 7, 15), (15, 2, 15), (10, 0, 9), (11, 6, 20), (7, 3, 12), (1, 0, 7)]
[(7, 2, 9), (5, 5, 3), (8, 7, 10)]
[(5, 1, 18), (3, 9, 18), (2, 9, 4), (5, 0, 5), (6, 10, 2)]
[(5, 10, 1), (6, 4, 12), (7, 13, 3), (4, 8, 5)]
[(4, 5, 2), (7, 4, 2), (3, 4, 2), (0, 12, 2), (2, 10, 1)]
[(5, 8, 6), (1, 9, 2), (7, 9, 0), (11, 5, 1)]
[(10, 9, 3), (6, 4, 7), (4, 1, 8)]
[(1, 14, 2), (0, 11, 1), (1, 15, 0)]
[(1, 3, 17), (3, 10, 2), (5, 11, 13), (16, 2, 16), (14, 11, 1)]
[(7, 5, 10), (8, 6, 6), (5, 3, 6)]
[(14, 6, 1), (1, 12, 13), (15, 2, 15)]
[(8, 6, 5), (0, 4, 19), (3, 9, 15)]
[(19, 15, 2), (17, 4, 1), (18, 13, 0)]
[(14, 9, 0), (14, 11, 1), (2, 3, 1), (10, 13, 0), (5, 1, 0)]
[(4, 2, 11), (3, 0, 8), (4, 5, 1), (2, 3, 0), (8, 1, 12)]
[(1, 0, 5), (0, 0, 8), (2, 1, 12), (2, 0, 12)]
[(3, 10, 3), (6, 2, 13), (2, 1, 10)]
[(10, 3, 8), (3, 2, 18), (0, 3, 15), (8, 15, 16)]
[(1, 0, 10), (9, 4, 13), (10, 3, 12), (1, 2, 16), (1, 6, 10)]
[(4, 15, 2), (5, 12, 1), (3, 7, 3), (3, 7, 4), (1, 2, 1), (3, 4, 1)]
[(16, 1, 10), (13, 13, 19), (2, 12, 11)]
[(5, 4, 8), (4, 0, 7), (0, 2, 15), (4, 0, 16), (1, 7, 16), (1, 3, 11)]
[(2, 12, 2), (8, 16, 8), (15, 7, 4), (1, 15, 4), (5, 13, 4), (12, 5, 8)]
[(10, 13, 0), (11, 19, 1), (10, 12, 1), (9, 18, 1), (1, 8, 0)]
[(0, 3, 4), (2, 2, 2), (7, 3, 0)]
[(5, 7, 0), (10, 14, 4), (0, 13, 0), (0, 13, 3), (1, 13, 3), (12, 1, 0)]
[(0, 2, 1), (9, 0, 0), (8, 0, 4), (1, 4, 14), (0, 2, 9), (1, 2, 6)]
[(13, 12, 9), (6, 0, 7), (0, 2, 2)]
[(9, 3, 10), (10, 4, 10), (3, 2, 15), (4, 0, 12)]
[(6, 0, 15), (2, 1, 0), (1, 8, 12), (1, 0, 7)]
